Loading network from file: json/large1.json
Reading NUM_NODES = 1000
Reading UNL_THRESH = 33
Creating nodes
Creating links
Creating initial messages
Created 1403 events
      Time (ms)	    Positive	    Negative
      ---------	    --------	    --------
	100;		500;		500
	200;		500;		500
	300;		495;		505
	400;		464;		536
	500;		429;		571
	600;		352;		648
	700;		303;		697
	800;		230;		770
	900;		208;		792
	1000;		213;		787
	1100;		214;		786
	1200;		215;		785
	1300;		215;		785
	1400;		215;		785
	1500;		215;		785
	1600;		215;		785
	1700;		215;		785
	1800;		215;		785
	1900;		215;		785
	2000;		215;		785
	2100;		215;		785
	2200;		215;		785
	2300;		215;		785
	2400;		215;		785
	2500;		215;		785
	2600;		215;		785
	2700;		215;		785
	2800;		215;		785
	2900;		215;		785
	3000;		215;		785
	3100;		215;		785
	3200;		215;		785
	3300;		215;		785
	3400;		215;		785
	3500;		215;		785
	3600;		215;		785
	3700;		215;		785
	3800;		215;		785
	3900;		215;		785
	4000;		215;		785
	4100;		215;		785
	4200;		215;		785
	4300;		215;		785
	4400;		215;		785
	4500;		215;		785
	4600;		215;		785
	4700;		215;		785
	4800;		215;		785
	4900;		215;		785
	5000;		215;		785
	5100;		215;		785
	5200;		215;		785
	5300;		215;		785
	5400;		215;		785
	5500;		215;		785
	5600;		215;		785
	5700;		215;		785
	5800;		215;		785
	5900;		215;		785
	6000;		215;		785
	6100;		215;		785
	6200;		215;		785
	6300;		215;		785
	6400;		215;		785
	6500;		215;		785
	6600;		215;		785
	6700;		215;		785
	6800;		215;		785
	6900;		215;		785
	7000;		215;		785
	7100;		215;		785
	7200;		215;		785
	7300;		215;		785
	7400;		215;		785
	7500;		215;		785
	7600;		215;		785
	7700;		215;		785
	7800;		215;		785
	7900;		215;		785
	8000;		215;		785
	8100;		215;		785
	8200;		215;		785
	8300;		215;		785
	8400;		215;		785
	8500;		215;		785
	8600;		215;		785
	8700;		215;		785
	8800;		215;		785
	8900;		215;		785
	9000;		215;		785
	9100;		215;		785
	9200;		215;		785
	9300;		215;		785
	9400;		215;		785
	9500;		215;		785
	9600;		215;		785
	9700;		215;		785
	9800;		215;		785
	9900;		215;		785
	10000;		215;		785
	10100;		215;		785
	10200;		215;		785
	10300;		215;		785
	10400;		215;		785
	10500;		215;		785
	10600;		215;		785
	10700;		215;		785
	10800;		215;		785
	10900;		215;		785
	11000;		215;		785
	11100;		215;		785
	11200;		215;		785
	11300;		215;		785
	11400;		215;		785
	11500;		215;		785
	11600;		215;		785
	11700;		215;		785
	11800;		215;		785
	11900;		215;		785
	12000;		215;		785
	12100;		215;		785
	12200;		215;		785
	12300;		215;		785
	12400;		215;		785
	12500;		215;		785
	12600;		215;		785
	12700;		215;		785
	12800;		215;		785
	12901;		215;		785
	13002;		215;		785
